
*******************************************  Drifts coefficients *******************************************

engineSize = 0.048441439512868056
year = 0.0424325674325674
tax(£) = 0.017189358260786936
mpg = 0.012973336187621864
mileage = 0.0061723990295419195
